168 85 52 199 165 122 179 178 72 32
114 58 162 140 23 161 37 163 58 188
149 171 63 16 117 169 62 139 98 157
41 96 54 83 153 50 27 178 6 161
89 175 49 83 102 196 159 9 89 161
100 146 123 68 49 46 155 77 45 168
93 194 171 198 142 58 141 125 142 45
141 118 18 152 52 165 157 103 57 8
90 74 199 68 41 98 3 34 155 109
81 1 12 140 146 142 29 102 188 142
10 70 46 164 30 104 158 133 169 17
10 56 188 115 63 92 193 55 49 194
49 37 79 122 3 167 66 185 62 181
26 167 188 121 165 103 155 34 165 71
128 62 157 119 130 96 160 63 97 105
5 129 65 122 195 6 55 112 5 165
70 152 51 29 54 114 37 67 186 35
188 87 45 154 198 89 137 12 45 89
187 178 166 28 190 24 169 2 18 113
26 20 57 134 42 92 198 181 122 197
