97 77 10 91 0 66 68 0 52 99
82 99 25 73 50 36 53 62 43 80
14 1 39 81 62 3 69 69 56 65
73 53 24 71 18 95 29 20 35 72
80 67 75 76 43 50 42 35 95 13
32 42 70 47 8 19 17 54 31 31
53 73 49 66 47 7 89 0 86 62
20 94 28 98 39 43 24 97 50 75
39 24 1 71 56 71 90 15 66 34
6 72 53 48 22 57 96 26 2 45
2 77 18 77 37 41 18 45 60 84
28 83 32 98 43 84 44 3 57 60
86 8 49 46 49 95 61 81 50 85
47 24 20 63 67 42 82 35 0 7
47 41 4 56 77 22 0 83 19 44
61 32 57 20 56 12 7 57 3 10
90 74 53 93 90 88 30 8 65 58
8 94 65 29 42 71 13 76 86 7
94 93 83 78 1 11 82 92 46 33
14 36 99 55 46 60 50 59 77 43
